35
1 1 1 1 1 1 1 1 1 1 1 1 1 1 0 0 0 0 0 0 0 0 0 0 0 0 0 0 0 0 0 0 0 0 0
1 1 1 1 1 1 1 1 1 1 1 1 1 1 0 0 0 0 0 0 0 0 0 0 0 0 0 0 0 0 0 0 0 0 0
1 1 1 1 1 1 1 1 1 1 1 1 1 1 0 0 0 0 0 0 0 0 0 0 0 0 0 0 0 0 0 0 0 0 0
1 1 1 1 1 1 1 1 1 1 1 1 1 1 0 0 0 0 0 0 0 0 0 0 0 0 0 0 0 0 0 0 0 0 0
1 1 1 1 1 1 1 1 1 1 1 1 1 1 0 0 0 0 0 0 0 0 0 0 0 0 0 0 0 0 0 0 0 0 0
1 1 1 1 1 1 1 1 1 1 1 1 1 1 0 0 0 0 0 0 0 0 0 0 0 0 0 0 0 0 0 0 0 0 0
1 1 1 1 1 1 1 1 1 1 1 1 1 1 0 0 0 0 0 0 0 0 0 0 0 0 0 0 0 0 0 0 0 0 0
1 1 1 1 1 1 1 1 1 1 1 1 1 1 0 0 0 0 0 0 0 0 0 0 0 0 0 0 0 0 0 0 0 0 0
1 1 1 1 1 1 1 1 1 1 1 1 1 1 0 0 0 0 0 0 0 0 0 0 0 0 0 0 0 0 0 0 0 0 0
1 1 1 1 1 1 1 1 1 1 1 1 1 1 0 0 0 0 0 0 0 0 0 0 0 0 0 0 0 0 0 0 0 0 0
1 1 1 1 1 1 1 1 1 1 1 1 1 1 0 0 0 0 0 0 0 0 0 0 0 0 0 0 0 0 0 0 0 0 0
1 1 1 1 1 1 1 1 1 1 1 1 1 1 0 0 0 0 0 0 0 0 0 0 0 0 0 0 0 0 0 0 0 0 0
1 1 1 1 1 1 1 1 1 1 1 1 1 1 0 0 0 0 0 0 0 0 0 0 0 0 0 0 0 0 0 0 0 0 0
1 1 1 1 1 1 1 1 1 1 1 1 1 1 0 0 0 0 0 0 0 0 0 0 0 0 0 0 0 0 0 0 0 0 0
0 0 0 0 0 0 0 0 0 0 0 0 0 0 0 0 0 0 0 0 0 0 0 0 0 0 0 0 0 0 0 0 0 0 0
0 0 0 0 0 0 0 0 0 0 0 0 0 0 0 0 0 0 0 0 0 0 0 0 0 0 0 0 0 0 0 0 0 0 0
0 0 0 0 0 0 0 0 0 0 0 0 0 0 0 0 0 0 0 0 0 0 0 0 0 0 0 0 0 0 0 0 0 0 0
0 0 0 0 0 0 0 0 0 0 0 0 0 0 0 0 0 0 0 0 0 0 0 0 0 0 0 0 0 0 0 0 0 0 0
0 0 0 0 0 0 0 0 0 0 0 0 0 0 0 0 0 0 0 0 0 0 0 0 0 0 0 0 0 0 0 0 0 0 0
0 0 0 0 0 0 0 0 0 0 0 0 0 0 0 0 0 0 0 0 0 0 0 0 0 0 0 0 0 0 0 0 0 0 0
0 0 0 0 0 0 0 0 0 0 0 0 0 0 0 0 0 0 0 0 0 0 0 0 0 0 0 0 0 0 0 0 0 0 0
0 0 0 0 0 0 0 0 0 0 0 0 0 0 0 0 0 0 0 0 0 0 0 0 0 0 0 0 0 0 0 0 0 0 0
0 0 0 0 0 0 0 0 0 0 0 0 0 0 0 0 0 0 0 0 0 0 0 0 0 0 0 0 0 0 0 0 0 0 0
0 0 0 0 0 0 0 0 0 0 0 0 0 0 0 0 0 0 0 0 0 0 0 0 0 0 0 0 0 0 0 0 0 0 0
0 0 0 0 0 0 0 0 0 0 0 0 0 0 0 0 0 0 0 0 0 0 0 0 0 0 0 0 0 0 0 0 0 0 0
0 0 0 0 0 0 0 0 0 0 0 0 0 0 0 0 0 0 0 0 0 0 0 0 0 0 0 0 0 0 0 0 0 0 0
0 0 0 0 0 0 0 0 0 0 0 0 0 0 0 0 0 0 0 0 0 0 0 0 0 0 0 0 0 0 0 0 0 0 0
0 0 0 0 0 0 0 0 0 0 0 0 0 0 0 0 0 0 0 0 0 0 0 0 0 0 0 0 0 0 0 0 0 0 0
0 0 0 0 0 0 0 0 0 0 0 0 0 0 0 0 0 0 0 0 0 0 0 0 0 0 0 0 0 0 0 0 0 0 0
0 0 0 0 0 0 0 0 0 0 0 0 0 0 0 0 0 0 0 0 0 0 0 0 0 0 0 0 0 0 0 0 0 0 0
0 0 0 0 0 0 0 0 0 0 0 0 0 0 0 0 0 0 0 0 0 0 0 0 0 0 0 0 0 0 0 0 0 0 0
0 0 0 0 0 0 0 0 0 0 0 0 0 0 0 0 0 0 0 0 0 0 0 0 0 0 0 0 0 0 0 0 0 0 0
0 0 0 0 0 0 0 0 0 0 0 0 0 0 0 0 0 0 0 0 0 0 0 0 0 0 0 0 0 0 0 0 0 0 0
0 0 0 0 0 0 0 0 0 0 0 0 0 0 0 0 0 0 0 0 0 0 0 0 0 0 0 0 0 0 0 0 0 0 0
0 0 0 0 0 0 0 0 0 0 0 0 0 0 0 0 0 0 0 0 0 0 0 0 0 0 0 0 0 0 0 0 0 0 0
63150 89418 97949 51952 91720 25041 13512 34053 82221 54152 58672 62210 22710 89937 3767 85174 72520 67786 16762 275 46384 56827 56021 26317 57757 5843 80203 89072 98612 80619 78097 62693 50545 90730 84976
89418 28934 48017 21330 69423 32173 16851 98915 75773 68477 50433 49023 48162 38921 87197 92701 59847 18356 5819 74650 57491 41373 2163 70120 75629 47623 98082 86143 29512 17132 74098 22202 18866 30541 52593
97949 48017 73600 17734 42823 63486 55561 15730 74288 35353 3510 35258 65438 28078 59727 86896 41846 98290 92346 60219 63387 194 30715 39700 78914 46606 65470 66529 49462 25054 18999 52260 4774 33231 93948
51952 21330 17734 49046 58638 24922 12961 28557 78149 58864 78499 21912 25350 19890 62168 89187 36592 63635 65026 52952 81552 17792 31092 95434 47536 5152 16513 55678 81305 10186 99926 69525 19570 53296 26785
91720 69423 42823 58638 32575 67194 4556 58391 69542 4800 82919 81559 27625 42611 7509 18061 7155 85113 53318 72718 51689 50610 39849 49344 14988 65705 34777 59838 94852 83744 89608 55097 42664 38580 85551
25041 32173 63486 24922 67194 7566 44270 61382 58193 35546 50902 88543 30625 21766 26659 62627 72402 48744 81511 21290 61662 86663 38192 10790 56718 76241 11707 51384 55704 66341 24035 73999 19913 33099 71189
13512 16851 55561 12961 4556 44270 53554 62266 80159 21615 5698 71459 61703 8994 43572 77924 98693 27612 46001 95674 63276 57930 59478 52291 75144 40682 35381 39881 35278 54288 79111 83204 86447 28861 1671
34053 98915 15730 28557 58391 61382 62266 81309 89714 38911 78092 45336 8728 74881 26354 54159 54995 88383 66356 45625 45283 88512 44852 41035 37122 54722 75474 19679 13455 6662 44239 66849 7834 20890 76899
82221 75773 74288 78149 69542 58193 80159 89714 83336 13885 19198 24634 37685 30357 22821 37674 27963 47558 41467 74011 50511 79729 77847 15713 13947 7764 8838 46599 57436 60205 28747 39789 33780 82470 49540
54152 68477 35353 58864 4800 35546 21615 38911 13885 53241 90859 92922 63524 18310 43903 71776 6217 51653 14168 6810 67262 69089 98000 94120 63874 91874 43543 90022 97959 23046 22947 95004 71105 67740 36636
58672 50433 3510 78499 82919 50902 5698 78092 19198 90859 94570 18905 15450 66059 50823 46413 71814 26279 67818 96240 66631 46649 48866 50293 59685 14038 14709 19132 64700 94849 55395 37106 76451 73738 51303
62210 49023 35258 21912 81559 88543 71459 45336 24634 92922 18905 69311 22172 23347 65584 60090 53581 67912 85243 20400 61189 2876 65000 44270 52895 17123 9563 20111 6882 39196 66659 51953 49123 85799 43537
22710 48162 65438 25350 27625 30625 61703 8728 37685 63524 15450 22172 67518 53355 23586 39635 20546 28307 51065 63556 27149 49352 48492 72102 78962 74515 76523 35951 86204 17988 33863 35118 55646 90872 28016
89937 38921 28078 19890 42611 21766 8994 74881 30357 18310 66059 23347 53355 6790 29734 76556 16632 47243 7000 62433 77258 49397 10333 9639 47774 32953 34544 82977 34360 1312 18865 54035 39346 39171 8404
3767 87197 59727 62168 7509 26659 43572 26354 22821 43903 50823 65584 23586 29734 10312 10533 85947 86060 62963 31586 76789 46119 43733 77157 96981 22222 10719 58910 63326 83542 7531 80355 2885 57076 69365
85174 92701 86896 89187 18061 62627 77924 54159 37674 71776 46413 60090 39635 76556 10533 8760 24779 35196 21484 41538 60743 51413 91556 86269 77667 40114 58052 79510 64218 88869 98882 90977 80443 97651 21075
72520 59847 41846 36592 7155 72402 98693 54995 27963 6217 71814 53581 20546 16632 85947 24779 64369 89706 93609 81492 78309 7593 23965 93508 84001 37996 85520 19880 32517 53076 85616 3616 9283 91635 77362
67786 18356 98290 63635 85113 48744 27612 88383 47558 51653 26279 67912 28307 47243 86060 35196 89706 8587 42983 4310 87623 78826 34085 4826 741 12569 73582 24871 26827 61772 25553 19761 99016 49899 19681
16762 5819 92346 65026 53318 81511 46001 66356 41467 14168 67818 85243 51065 7000 62963 21484 93609 42983 43441 51643 72941 1836 19921 98585 21854 2020 31501 41254 84784 72271 75710 53772 12054 69753 5833
275 74650 60219 52952 72718 21290 95674 45625 74011 6810 96240 20400 63556 62433 31586 41538 81492 4310 51643 63161 86873 4836 39799 23639 98400 4615 31909 26088 77892 2030 6860 66464 23093 58751 27872
46384 57491 63387 81552 51689 61662 63276 45283 50511 67262 66631 61189 27149 77258 76789 60743 78309 87623 72941 86873 35136 11106 46286 73054 61416 27696 1919 33701 32337 41015 64830 33604 29992 73433 35246
56827 41373 194 17792 50610 86663 57930 88512 79729 69089 46649 2876 49352 49397 46119 51413 7593 78826 1836 4836 11106 2627 57611 58811 86383 91986 88497 19067 11190 61979 99339 13515 36761 57541 43572
56021 2163 30715 31092 39849 38192 59478 44852 77847 98000 48866 65000 48492 10333 43733 91556 23965 34085 19921 39799 46286 57611 6928 91868 78018 17048 45946 60303 51335 49508 45040 24441 56569 57028 98282
26317 70120 39700 95434 49344 10790 52291 41035 15713 94120 50293 44270 72102 9639 77157 86269 93508 4826 98585 23639 73054 58811 91868 44453 50718 32536 4744 17556 27773 92567 94501 97478 83312 35966 40856
57757 75629 78914 47536 14988 56718 75144 37122 13947 63874 59685 52895 78962 47774 96981 77667 84001 741 21854 98400 61416 86383 78018 50718 85627 19278 37196 30848 35700 48551 74922 81556 34190 37949 27827
5843 47623 46606 5152 65705 76241 40682 54722 7764 91874 14038 17123 74515 32953 22222 40114 37996 12569 2020 4615 27696 91986 17048 32536 19278 43621 92055 63380 27379 40006 91928 12001 51207 69675 51314
80203 98082 65470 16513 34777 11707 35381 75474 8838 43543 14709 9563 76523 34544 10719 58052 85520 73582 31501 31909 1919 88497 45946 4744 37196 92055 42874 69654 15079 44894 57376 97105 31241 49248 69448
89072 86143 66529 55678 59838 51384 39881 19679 46599 90022 19132 20111 35951 82977 58910 79510 19880 24871 41254 26088 33701 19067 60303 17556 30848 63380 69654 44189 501 10685 14799 35586 9744 14546 73896
98612 29512 49462 81305 94852 55704 35278 13455 57436 97959 64700 6882 86204 34360 63326 64218 32517 26827 84784 77892 32337 11190 51335 27773 35700 27379 15079 501 56158 7137 14495 33986 70907 61341 83357
80619 17132 25054 10186 83744 66341 54288 6662 60205 23046 94849 39196 17988 1312 83542 88869 53076 61772 72271 2030 41015 61979 49508 92567 48551 40006 44894 10685 7137 8348 35842 60451 68789 59516 14836
78097 74098 18999 99926 89608 24035 79111 44239 28747 22947 55395 66659 33863 18865 7531 98882 85616 25553 75710 6860 64830 99339 45040 94501 74922 91928 57376 14799 14495 35842 30833 68006 62966 71525 89167
62693 22202 52260 69525 55097 73999 83204 66849 39789 95004 37106 51953 35118 54035 80355 90977 3616 19761 53772 66464 33604 13515 24441 97478 81556 12001 97105 35586 33986 60451 68006 18975 17137 23721 5416
50545 18866 4774 19570 42664 19913 86447 7834 33780 71105 76451 49123 55646 39346 2885 80443 9283 99016 12054 23093 29992 36761 56569 83312 34190 51207 31241 9744 70907 68789 62966 17137 41911 14518 65756
90730 30541 33231 53296 38580 33099 28861 20890 82470 67740 73738 85799 90872 39171 57076 97651 91635 49899 69753 58751 73433 57541 57028 35966 37949 69675 49248 14546 61341 59516 71525 23721 14518 33866 5459
84976 52593 93948 26785 85551 71189 1671 76899 49540 36636 51303 43537 28016 8404 69365 21075 77362 19681 5833 27872 35246 43572 98282 40856 27827 51314 69448 73896 83357 14836 89167 5416 65756 5459 59131
